query : ./PPDM  0  4  7  4  2000  2  12  10  512  0  0  2  2  
total time : 2
sRange_PGI_GSRO(query, Node) 
0.434292 (19.692333 %) 
sRange_PGI_Extract_Data 
1.473587 (66.817645 %) 
# retrieved node : 1
Result(0) :	0	0	
Result(1) :	0	0	
Result(2) :	2	0	
Result(3) :	2	0	
Result(4) :	2	0	
Result(5) :	2	0	
Result(6) :	2	0	
Result(7) :	0	0	
Result(8) :	1	0	
Result(9) :	0	0	
Result(10) :	0	0	
Result(11) :	2	1	
Result(12) :	1	1	
Result(13) :	2	1	
Result(14) :	2	1	
Result(15) :	0	1	
Result(16) :	0	1	
Result(17) :	1	1	
Result(18) :	2	2	
Result(19) :	2	2	
Result(20) :	0	2	
Result(21) :	1	2	
Result(22) :	1	2	
Result(23) :	1	2	


time : 2020-05-30-19-59-41
query : RANGE_PGI TREE_LEVEL : 7 THREAD : 4 DATA : 2000 DIMENSION : 2 BITS : 12 k : 10 KEY : 512  QUERY : 0 0 2 2 
total time : 2
# retrieved node : 1
Result(0) :	0	0	
Result(1) :	0	0	
Result(2) :	2	0	
Result(3) :	2	0	
Result(4) :	2	0	
Result(5) :	2	0	
Result(6) :	2	0	
Result(7) :	0	0	
Result(8) :	1	0	
Result(9) :	0	0	
Result(10) :	0	0	
Result(11) :	2	1	
Result(12) :	1	1	
Result(13) :	2	1	
Result(14) :	2	1	
Result(15) :	0	1	
Result(16) :	0	1	
Result(17) :	1	1	
Result(18) :	2	2	
Result(19) :	2	2	
Result(20) :	0	2	
Result(21) :	1	2	
Result(22) :	1	2	
Result(23) :	1	2	


time : 2020-05-31-12-31-08
query : RANGE_PGI TREE_LEVEL : 7 THREAD : 4 DATA : 2000 DIMENSION : 2 BITS : 12 k : 10 KEY : 512  QUERY : 0 0 2 2 
total time : 2
# retrieved node : 1
Result(0) :	0	0	
Result(1) :	0	0	
Result(2) :	2	0	
Result(3) :	2	0	
Result(4) :	2	0	
Result(5) :	2	0	
Result(6) :	2	0	
Result(7) :	0	0	
Result(8) :	1	0	
Result(9) :	0	0	
Result(10) :	0	0	
Result(11) :	2	1	
Result(12) :	1	1	
Result(13) :	2	1	
Result(14) :	2	1	
Result(15) :	0	1	
Result(16) :	0	1	
Result(17) :	1	1	
Result(18) :	2	2	
Result(19) :	2	2	
Result(20) :	0	2	
Result(21) :	1	2	
Result(22) :	1	2	
Result(23) :	1	2	


time : 2020-05-31-19-56-53
query : RANGE_PGI TREE_LEVEL : 7 THREAD : 4 DATA : 2000 DIMENSION : 2 BITS : 12 k : 10 KEY : 512  QUERY : 0 0 2 2 
total time : 2
# retrieved node : 1
Result(0) :	0	0	
Result(1) :	0	0	
Result(2) :	2	0	
Result(3) :	2	0	
Result(4) :	2	0	
Result(5) :	2	0	
Result(6) :	2	0	
Result(7) :	0	0	
Result(8) :	1	0	
Result(9) :	0	0	
Result(10) :	0	0	
Result(11) :	2	1	
Result(12) :	1	1	
Result(13) :	2	1	
Result(14) :	2	1	
Result(15) :	0	1	
Result(16) :	0	1	
Result(17) :	1	1	
Result(18) :	2	2	
Result(19) :	2	2	
Result(20) :	0	2	
Result(21) :	1	2	
Result(22) :	1	2	
Result(23) :	1	2	


time : 2020-06-01-00-13-11
query : RANGE_PGI TREE_LEVEL : 7 THREAD : 4 DATA : 2000 DIMENSION : 2 BITS : 12 k : 10 KEY : 512  QUERY : 0 0 2 2 
total time : 2
SRO_D 					 0.271906 (11.692659 %) 
nodeRetrievalSRO 					 0.531059 (22.836909 %) 
nodeRetrieval 					 1.483435 (63.791525 %) 
# retrieved node : 1
Result(0) :	0	0	
Result(1) :	0	0	
Result(2) :	2	0	
Result(3) :	2	0	
Result(4) :	2	0	
Result(5) :	2	0	
Result(6) :	2	0	
Result(7) :	0	0	
Result(8) :	1	0	
Result(9) :	0	0	
Result(10) :	0	0	
Result(11) :	2	1	
Result(12) :	1	1	
Result(13) :	2	1	
Result(14) :	2	1	
Result(15) :	0	1	
Result(16) :	0	1	
Result(17) :	1	1	
Result(18) :	2	2	
Result(19) :	2	2	
Result(20) :	0	2	
Result(21) :	1	2	
Result(22) :	1	2	
Result(23) :	1	2	


